# This file may be used to create an environment using:
# $ conda create --name <env> --file <this file>
# platform: linux-64
_libgcc_mutex=0.1=main
asn1crypto=1.4.0=py_0
backcall=0.2.0=pyh9f0ad1d_0
blas=1.0=mkl
bleach=1.5.0=pypi_0
boto=2.49.0=py35_0
boto3=1.17.7=pyhd3eb1b0_0
botocore=1.20.7=pyhd3eb1b0_0
bz2file=0.98=py35_1
ca-certificates=2021.1.19=h06a4308_1
certifi=2020.6.20=pyhd3eb1b0_3
cffi=1.11.5=py35he75722e_1
chardet=3.0.4=py35_1
cryptography=2.3.1=py35hc365091_0
decorator=4.4.2=py_0
defusedxml=0.6.0=py_0
docutils=0.14=py35hd11081d_0
entrypoints=0.2.3=py35_2
enum34=1.1.10=pypi_0
gensim=3.4.0=py35h3010b51_0
html5lib=0.9999999=pypi_0
idna=2.10=pyhd3eb1b0_0
importlib-metadata=2.1.1=pypi_0
intel-openmp=2019.4=243
ipykernel=4.10.0=py35_1
ipython=7.0.1=py35h24bf2e0_0
ipython-autotime=0.1=py_1
ipython_genutils=0.2.0=py_1
jedi=0.12.1=py35_0
jinja2=2.11.3=pyh44b312d_0
jmespath=0.10.0=py_0
jsonschema=2.6.0=py35_2
jupyter_client=5.3.3=py_0
jupyter_core=4.5.0=py_0
jupyter_http_over_ws=0.0.8=pyh9f0ad1d_0
libedit=3.1.20210216=h27cfd23_1
libffi=3.2.1=hf484d3e_1007
libgcc-ng=9.1.0=hdf63c60_0
libgfortran-ng=7.3.0=hdf63c60_0
libsodium=1.0.18=h36c2ea0_1
libstdcxx-ng=9.1.0=hdf63c60_0
markdown=3.2.2=pypi_0
markupsafe=1.0=py35h470a237_1
mistune=0.8.3=py35h470a237_2
mkl=2018.0.3=1
nbconvert=5.6.0=py_0
nbformat=5.1.2=pyhd8ed1ab_1
ncurses=6.2=he6710b0_1
notebook=5.7.0=py35_0
numpy=1.18.5=pypi_0
openssl=1.0.2u=h7b6447c_0
packaging=20.9=pyh44b312d_0
pandas=0.23.4=py35h04863e7_0
pandoc=2.12=h7f98852_0
pandocfilters=1.4.2=py_1
parso=0.7.1=pyh9f0ad1d_0
pexpect=4.8.0=pyh9f0ad1d_2
pickleshare=0.7.5=py_1003
pip=10.0.1=py35_0
prometheus_client=0.9.0=pyhd3deb0d_0
prompt_toolkit=2.0.10=py_0
protobuf=3.15.6=pypi_0
ptyprocess=0.7.0=pyhd3deb0d_0
pycparser=2.20=py_2
pygments=2.8.1=pyhd8ed1ab_0
pyopenssl=18.0.0=py35_0
pyparsing=2.4.7=pyh9f0ad1d_0
pysocks=1.6.8=py35_0
python=3.5.6=hc3d631a_0
python-dateutil=2.8.1=pyhd3eb1b0_0
pytz=2021.1=pyhd3eb1b0_0
pyzmq=17.1.2=py35hae99301_0
readline=7.0=h7b6447c_5
requests=2.25.1=pyhd3eb1b0_0
s3transfer=0.3.6=pyhd3eb1b0_0
scikit-learn=0.20.0=py35h4989274_1
scipy=1.1.0=py35hd20e5f9_0
send2trash=1.5.0=py_0
setuptools=40.2.0=py35_0
simplegeneric=0.8.1=py_1
six=1.15.0=pyhd3eb1b0_0
smart_open=1.9.0=py_0
sqlite=3.33.0=h62c20be_0
tensorflow=1.4.0=pypi_0
tensorflow-tensorboard=0.4.0=pypi_0
terminado=0.8.1=py35_1
testpath=0.4.4=py_0
tk=8.6.10=hbc83047_0
tornado=5.1.1=py35h470a237_0
traitlets=4.3.2=py35_0
urllib3=1.23=py35_0
wcwidth=0.2.5=pyh9f0ad1d_0
webencodings=0.5.1=py_1
werkzeug=1.0.1=pypi_0
wheel=0.36.2=pyhd3eb1b0_0
xz=5.2.5=h7b6447c_0
zeromq=4.2.5=hfc679d8_4
zipp=1.2.0=pypi_0
zlib=1.2.11=h7b6447c_3
